10,112
10,118
10,210
10,110
10,290
10,178
10,28
10,30
11,24
11,17
11,19
9,6
9,4
8,16
51,4
51,3
51,2
51,1
51,0
47,4
47,3
47,2
47,1
47,0
43,4
43,3
43,2
43,1
43,0
28,3
28,1
20,3
20,2
20,1
19,3
19,2
19,1
12,3
12,2
12,1
11,30
11,29
11,28
11,25
11,23
11,13
11,12
11,10
11,9
11,6
11,4
11,3
11,2
11,1
10,309
10,295
10,271
10,265
10,257
10,249
10,227
10,207
10,203
10,165
10,161
10,153
10,115
18,1
10,109
18,3
10,101
10,75
10,3
10,2
14,1
10,1
9,7
14,3
9,5
9,3
13,1
9,2
13,3
9,1
8,18
8,17
8,15
8,14
8,13
8,12
8,11
8,10
8,9
8,8
8,7
8,5
8,3
8,2
8,1
